---
poses:
- x: -22.0
  y: -22.0
  heading: -0.7853981633974483
- x: -22.0
  y: -38.0
  heading: -0.7853981633974483
- x: 5.0
  y: -60.0
  heading: 0.0
- x: 49.0
  y: -60.0
  heading: 0.0
- x: 49.0
  y: -60.0
  heading: -3.141592653589793
- x: -20.0
  y: -60.0
  heading: -3.141592653589793
constraints:
  maximumVelocity: 25.0
  maximumAcceleration: 40.0
  maximumAngularVelocity: 3.141592653589793
  maximumAngularAcceleration: 6.283185307179586
resolution: 500
